202
214
272
244
228
192
228
260
210
252
274
238
200
194
214
250
226
266
188
252
206
242
196
224
228
228
264
280
238
242
220
210
242
224
240
218
236
206
226
224
192
226
266
218
208
256
224
232
212
270
222
222
238
222
262
192
242
192
196
206
218
220
210
256
226
236
238
222
224
216
242
208
246
208
208
236
220
192
190
206
250
226
248
222
214
232
196
220
222
264
230
216
206
220
236
206
238
196
228
206
220
212
214
180
178
214
170
202
246
190
188
208
218
158
262
148
182
216
188
216
184
212
246
174
230
154
192
202
230
258
250
170
188
252
198
248
204
228
206
204
158
176
218
202
184
208
210
214
210
172
206
210
206
200
176
218
240
150
216
198
214
208
218
178
212
100
202
198
164
206
170
214
228
216
226
206
192
238
198
248
194
184
158
220
218
212
214
226
214
218
208
222
206
192
214
200
264
136
228
222
250
280
168
190
210
232
198
152
206
198
234
218
82
206
170
230
232
180
206
168
216
210
210
160
206
180
214
208
228
216
214
206
206
212
228
84
268
234
210
210
174
198
214
180
218
242
238
88
226
182
214
212
176
222
206
108
228
212
206
212
230
206
198
78
226
88
204
232
202
174
178
216
214
200
190
180
202
206
200
150
196
212
240
210
210
250
166
170
190
216
256
144
212
214
218
190
192
192
222
244
200
206
214
232
224
148
214
198
224
86
196
224
198
242
208
168
150
226
226
286
186
196
218
206
224
134
164
202
178
214
202
282
212
230
188
220
228
180
218
192
224
212
180
222
96
226
210
198
190
188
198
250
240
256
240
166
166
190
160
160
96
86
242
222
192
230
136
80
204
76
212
172
84
88
82
210
82
186
86
168
246
212
198
74
192
164
228
212
202
72
222
182
206
208
180
202
192
250
220
50
170
220
194
192
194
204
194
258
214
214
250
62
134
118
226
182
212
186
200
60
64
218
202
216
222
200
226
216
222
176
234
198
222
70
166
204
204
182
144
196
158
160
190
188
192
204
226
176
160
232
146
88
230
242
216
78
88
200
180
182
212
96
200
88
216
200
214
196
152
48
64
200
198
216
216
88
50
190
254
188
88
206
208
172
124
202
220
228
84
212
114
266
176
86
202
162
172
56
152
60
164
230
248
68
88
244
226
156
220
78
156
156
160
86
192
272
208
88
184
26
200
82
72
212
242
222
226
220
214
200
218
164
74
168
170
36
86
130
210
80
192
96
194
90
222
160
64
206
198
30
44
76
166
68
234
210
78
52
30
184
248
30
52
54
